Instancia 1
1 1
1 3

Instancia 2
1 2

Instancia 3
2 1

Instancia 4
1 2
2 3
1 2
1 2

Instancia 5
100 100
100 100

Instancia 6

Instancia 7
395 841
799 784
198 912
769 336
554 278
629 478
514 365
917 953
718 636
607 142
243 17
805 138
401 157
109 130
219 999
840 513
297 613
525 638
973 494
772 293
770 527
892 401
353 284
920 808
950 70
87 526
664 193
349 891
21 65
64 458
971 239
851 903
540 267
761 376
668 513
40 532
932 438
721 931
739 285
355 640
166 688
881 441
331 830
894 229
687 351
589 957
859 658
924 440
815 399
911 685
216 483
921 951
882 148
432 642
282 620
308 787
227 448
277 188
417 557
907 170
127 104
761 496
936 985
384 685
369 750
233 295
245 585
733 153
794 126
746 165
951 75
522 53
241 177
733 798
968 657
760 640
135 94
79 521
205 70
820 462
756 574
158 52
205 1000
126 890
55 998
73 871
924 5
181 594
392 164
820 914
553 360
453 580
100 688
758 531
993 305
878 577
629 748
748 36
926 834
832 874

Instancia 8
134 963
939 192
646 155
914 483
493 745
304 984
242 602
736 418
376 290
790 821
220 393
773 479
19 726
190 368
605 613
580 359
553 737
895 518
998 198
941 810
790 494
95 247
666 31
323 831
652 45
434 112
587 870
595 209
576 608
223 785
143 178
920 804
321 697
891 812
621 319
813 833
83 413
446 910
740 747
788 768
880 390
260 220
433 465
76 857
637 10
189 302
105 783
479 109
921 417
736 369
204 541
953 556
461 284
31 399
164 200
591 820
43 42
510 850
706 475
486 590
890 345
128 676
784 996
417 607
977 704
246 154
711 179
464 198
597 171
366 495
313 761
804 956
806 355
832 318
907 513
859 316
991 797
794 990
595 773
480 209
363 570
750 724
922 74
240 211
706 518
276 608
566 22
376 86
401 374
883 209
528 308
109 743
731 518
293 902
109 326
895 774
494 473
544 643
857 415
934 784
392 565
583 212
296 957
326 958
169 701
10 213
954 692
214 116
16 686
13 506
276 124
596 905
550 771
188 142
926 403
967 120
332 319
273 550
511 633
330 601
810 682
375 339
454 761
449 587
92 469
595 459
366 369
143 192
333 914
318 327
448 260
574 287
835 785
415 850
449 348
27 745
81 259
22 403
990 536
6 472
927 81
449 600
791 292
205 586
916 125
382 523
809 366
151 960
809 646
992 566
309 257
513 20
419 391
929 537
6 406
484 934
533 933
223 935
520 325
445 431
954 440
807 831
789 761
404 959
524 603
857 397
416 834
227 373
910 832
238 157
91 915
848 725
657 627
950 73
497 180
620 398
231 452
209 426
384 22
624 613
9 910
743 481
852 426
260 970
126 765
677 499
225 217
842 526
598 880
62 790
186 98
546 678
105 418
439 757
372 490
399 64
546 379
807 141
112 399
165 65
564 238
455 844
368 785
668 297
87 966
62 730
407 273
688 611
366 514
4 130
192 737
116 402
542 738
137 922
990 655
893 300
144 551
337 345
641 510
478 5
732 729
996 539
147 137
650 688
816 513
248 657
58 8
744 364
286 596
255 884
183 273
821 146
494 328
838 160
165 134
862 314
851 894
34 858
545 998
509 686
343 362
368 758
121 401
998 113
996 406
675 252
400 178
506 498
660 894
27 345
656 823
720 889
748 507
506 754
436 295
655 14
774 778
172 22
133 893
298 175
427 129
309 979
477 824
716 816
157 140
961 744
632 810
317 678
428 379
672 821
837 866
641 325
347 608
501 814
989 480
612 800
775 413
240 919
732 255
393 954
699 885
698 354
32 331
710 17
838 459
323 383
710 677
283 963
781 60
542 786
584 768
182 149
68 361
616 418
372 799
686 9
364 71
402 385
405 393
852 112
495 239
916 175
140 205
264 198
984 921
690 804
953 570
928 870
290 22
821 546
553 662
732 508
894 913
307 136
246 295
537 156
333 740
945 454
652 476
394 209
13 636
201 86
956 967
989 131
675 243
907 809
320 228
142 637
769 213
510 448
602 13
755 48
496 939
414 699
906 151
789 809
895 920
885 988
123 851
92 875
684 797
25 1000
637 3
217 167
610 404
416 728
774 219
154 169
867 271
422 569
379 775
695 210
199 271
121 583
456 320
111 216
216 142
144 136
301 852
255 362
85 912
127 672
842 861
134 282
850 708
481 556
764 227
497 178
757 962
282 620
837 214
356 396
530 51
903 500
862 833
743 156
828 950
810 867
150 664
375 941
500 999
227 857
33 264
227 725
344 791
7 508
902 179
230 362
862 433
260 130
289 723
671 4
871 115
782 482
425 24
19 155
14 923
185 245
969 44
837 412
918 310
491 844
203 823
256 719
853 66
789 518
522 137
252 462
942 394
412 33
188 364
289 434
677 201
245 475
888 646
953 81
924 810
631 446
165 127
194 886
401 15
153 980
441 921
315 401
436 384
747 727
159 626
826 36
512 839
483 72
149 400
207 440
881 75
199 836
720 46
61 391
374 124
40 213
616 817
197 358
87 54
678 944
982 247
83 501
573 493
891 563
2 717
792 98
930 883
928 992
384 652
774 987
201 753
568 819
175 819
872 766
712 263
507 549
52 691
182 592
157 623
340 74
172 158
39 131
120 103
757 970
957 501
255 530
346 158
974 824
593 524
788 850
396 302
997 296
887 447
67 178
253 45
204 408
537 424
529 245
212 656
158 285
818 171
327 413
238 166
690 304
151 831
129 480
774 550
995 123
303 662
706 61
474 556
980 910
151 10
664 506
796 361
532 826
239 613
779 861
164 479
308 470
949 315
861 439
561 727
388 857
920 867
423 95
3 388
395 402
913 153
517 65
887 705
317 49
907 127
605 98
570 71
385 912
348 519
245 247
104 914
781 633
726 23
413 203
604 731
883 812
875 516
216 400
449 762
890 539
634 356
427 494
405 201
722 814
61 757
670 964
598 161
186 452
653 323
52 597
405 259
774 935
335 280
44 993
527 782
138 929
423 165
366 565
378 830
583 88
54 436
596 254
707 651
978 783
380 360
617 25
960 788
65 390
385 292
73 109
40 915
77 211
775 462
292 442
530 154
584 875
130 582
231 185
969 829
190 205
232 350
135 806
197 190
484 198
309 579
489 558
767 348
812 566
9 543
696 104
978 538
119 284
467 106
935 353
561 435
782 129
934 788
980 913
114 129
706 465
23 424
772 199
760 789
333 582
684 765
307 31
316 661
767 427
780 778
213 705
831 339
128 994
910 763
892 109
573 24
446 599
796 596
388 218
799 556
326 722
750 483
146 632
58 61
841 913
619 835
175 55
49 449
214 305
412 960
983 102
704 986
586 430
650 499
58 969
688 447
933 382
13 439
497 77
988 70
906 340
396 605
53 82
385 448
403 263
366 798
786 386
817 71
569 370
339 467
916 626
4 26
462 846
922 16
86 964
302 910
513 991
71 697
144 565
828 456
254 548
936 197
267 38
406 750
218 836
461 744
772 133
979 463
482 230
194 899
809 567
557 498
194 323
890 628
85 339
887 717
913 334
374 824
574 180
16 775
520 798
931 478
945 292
524 909
808 424
989 716
212 616
939 545
173 408
747 827
544 258
595 632
454 455
636 965
742 33
827 654
128 262
556 761
667 67
491 76
790 474
93 479
25 3
408 31
858 200
456 156
787 402
858 47
10 243
272 493
143 753
16 102
862 270
336 571
646 529
6 828
307 439
441 97
128 329
532 853
7 987
387 987
34 799
37 245
735 43
797 312
409 878
148 810
382 274
802 486
309 28
466 810
905 617
951 909
756 33
19 484
468 767
562 406
646 502
545 597
911 384
261 342
151 323
598 410
893 530
558 401
210 204
822 24
929 115
150 773
251 688
451 168
573 722
224 14
611 220
603 765
107 523
843 866
274 258
791 441
839 163
367 348
372 54
168 191
962 301
990 318
482 214
936 441
456 53
274 159
925 65
590 875
741 33
289 434
871 11
175 77
425 714
767 544
733 802
100 931
246 695
907 92
532 729
782 844
4 988
54 58
932 927
960 641
74 671
683 249
325 945
658 858
400 754
553 423
354 136
830 657
748 601
326 736
581 280
264 109
164 582
512 322
964 95
766 471
717 36
982 452
311 42
796 637
61 716
847 352
8 418
14 674
412 757
36 340
447 993
577 304
624 613
707 90
556 590
623 475
924 273
318 606
245 235
948 116
468 304
719 795
470 475
231 735
75 885
873 267
568 524
138 450
538 194
782 844
318 96
368 406
13 245
480 686
802 258
561 428
222 272
745 282
16 692
572 975
242 92
614 448
897 811
7 751
596 435
528 786
189 917
160 895
583 206
458 640
65 384
654 22
304 290
980 395
372 321
412 552
999 614
426 31
784 898
332 433
212 380
296 859
758 408
611 457
98 340
722 70
92 160
452 376
772 398
719 432
984 144
761 129
155 983
881 183
613 943
320 211
69 829
235 617
72 828
167 847
914 166
330 889
264 9
402 781
213 34
179 122
249 193
179 935
119 409
349 54
267 735
562 669
286 338
166 796
644 353
521 331
222 561
567 850
631 482
520 974
93 841
37 696
631 344
751 217
268 755
489 100
764 538
879 48
841 51
405 40
376 486
45 926
775 591
80 615
590 405
246 597
295 681
25 287
499 929
683 775
877 772
309 170
216 642
694 185
225 60
547 96
25 600
194 596
210 800
203 272
870 796
479 453
737 166
94 501
276 236
3 775
945 154
797 312
496 161
221 490
588 722
322 767
357 613
413 511
785 568
364 616
72 653
820 843
346 808
41 914
688 623
776 47
358 631
791 574
61 854
570 14
779 648
263 893
404 136
708 675
289 190
846 72
915 363
168 664
575 259
883 209
255 262
894 657
229 611
462 684
696 289
939 36
929 476
616 203
872 335
523 322
392 164
524 367
30 309
566 689
900 605
866 450
104 156
768 759
444 331
622 229
266 142
620 559
758 197
532 235
555 630
793 55
422 950
256 318
10 447
53 821
270 911
65 915
673 372
705 835
66 116
260 326
885 329
527 876
110 644
274 57
107 666
